102.271,1.01,1.01,11.94,0,2.02,24.8476
1.01,25.2525,0,1.01,0,9.92,5.0597
1.01,0,25.2525,1.01,0,9.92,5.0597
11.94,1.01,1.01,100.251,0,2.02,24.8476
0,0,0,0,4,0,-1
2.02,9.92,9.92,2.02,0,-0,0
24.8476,5.0597,5.0597,24.8476,-1,0,-0
