mile
################################### feeder 4 ###########################
401
0.4576	1.0780	0.1559	0.5017	0.1535	0.3849
0.1559	0.5017	0.4666	1.0482	0.1580	0.4236
0.1535	0.3849	0.1580	0.4236	0.4615	1.0651
5.6765	-1.8319	-0.6982
-1.8319	5.9809	-1.1645
-0.6982	-1.1645	5.3971
402
0.4013	1.4133	0.0953	0.8515	0.0953	0.7266
0.0953	0.8515	0.4013	1.4133	0.0953	0.7802
0.0953	0.7266	0.0953	0.7802	0.4013	1.4133
5.5450	-1.9996	-0.8666
-1.9996	5.7672	-1.3792
-0.8666	-1.3792	5.1816
################################### feeder 13 ###########################
601
0.3465	1.0179	0.1560	0.5017	0.1580	0.4236
0.1560	0.5017	0.3375	1.0478	0.1535	0.3849
0.1580	0.4236	0.1535	0.3849	0.3414	1.0348
6.2998	-1.9958	-1.2595
-1.9958	5.9597	-0.7417
-1.2595	-0.7417	5.6386
602
0.7526	1.1814	0.1580	0.4236	0.1560	0.5017
0.1580	0.4236	0.7475	1.1983	0.1535	0.3849
0.1560	0.5017	0.1535	0.3849	0.7436	1.2112
5.6990	-1.0817	-1.6905
-1.0817	5.1795	-0.6588
-1.6905	-0.6588	5.4246
603
0.0000	0.0000	0.0000	0.0000	0.0000	0.0000
0.0000	0.0000	1.3294	1.3471	0.2066	0.4591
0.0000	0.0000	0.2066	0.4591	1.3238	1.3569
0.0000	0.0000	0.0000
0	4.7097	-0.8999
0	-0.8999	4.6658
604
1.3238	1.3569	0.0000	0.0000	0.2066	0.4591
0.0000	0.0000	0.0000	0.0000	0.0000	0.0000
0.2066	0.4591	0.0000	0.0000	1.3294	1.3471
4.6658	0.0000	-0.8999
0.0000	0.0000	0.0000
-0.8999	0	4.7097
605
0.0000	0.0000	0.0000	0.0000	0.0000	0.0000
0.0000	0.0000	0.0000	0.0000	0.0000	0.0000
0.0000	0.0000	0.0000	0.0000	1.3292	1.3475
0.0000	0.0000	0.0000
0.0000	0.0000	0.0000
0.0000	0.0000	4.5193
606
0.7982	0.4463	0.3192	0.0328	0.2849	-0.0143
0.3192	0.0328	0.7891	0.4041	0.3192	0.0328
0.2849	-0.0143	0.3192	0.0328	0.7982	0.4463
96.8897	0.0000	0.0000
0	96.8897	0.0000
0	0	96.8897
607
1.3425	0.5124	0.0000	0.0000	0.0000	0.0000
0.0000	0.0000	0.0000	0.0000	0.0000	0.0000
0.0000	0.0000	0.0000	0.0000	0.0000	0.0000
88.9912	0.0000	0.0000
0	0.0000	0.0000
0	0	0.0000
################################### feeder 34 ###########################
300
1.3368	1.3343	0.2101	0.5779	0.2130	0.5015
0.2101	0.5779	1.3238	1.3569	0.2066	0.4591
0.2130	0.5015	0.2066	0.4591	1.3294	1.3471
5.3350	-1.5313	-0.9943
-1.5313	5.0979	-0.6212
-0.9943	-0.6212	4.8880 
301
1.9300	1.4115	0.2327	0.6442	0.2359	0.5691
0.2327	0.6442	1.9157	1.4281	0.2288	0.5238
0.2359	0.5691	0.2288	0.5238	1.9219	1.4209
5.1207	-1.4364	-0.9402
-1.4364	4.9055	-0.5951
-0.9402	-0.5951	4.7154 
302
2.7995	1.4855	0.0000	0.0000	0.0000	0.0000
0.0000	0.0000	0.0000	0.0000	0.0000	0.0000
0.0000	0.0000	0.0000	0.0000	0.0000	0.0000
4.2251	0.0000	0.0000
0.0000	0.0000	0.0000
0.0000	0.0000	0.0000
303
0.0000	0.0000	0.0000	0.0000	0.0000	0.0000
0.0000	0.0000	2.7995	1.4855	0.0000	0.0000
0.0000	0.0000	0.0000	0.0000	0.0000	0.0000
0.0000	0.0000	0.0000
0.0000	4.2251	0.0000
0.0000	0.0000	0.0000
304
0.0000	0.0000	0.0000	0.0000	0.0000	0.0000
0.0000	0.0000	1.9217 	1.4212	0.0000	0.0000
0.0000	0.0000	0.0000	0.0000	0.0000	0.0000
0.0000	0.0000	0.0000
0.0000	4.3637	0.0000
0.0000	0.0000	0.0000
################################### feeder 37 ###########################
721
0.2926	0.1973	0.0673	-0.0368	0.0337	-0.0417
0.0673	-0.0368	0.2646	0.1900	0.0673	-0.0368
0.0337	-0.0417	0.0673	-0.0368	0.2926	0.1973
159.7919	0.0000	0.0000
0.0000	159.7919	0.0000
0.0000	0.0000	159.7919
722
0.4751	0.2973	0.1629	-0.0326	0.1234	-0.0607
0.1629	-0.0326	0.4488	0.2678	0.1629	-0.0326
0.1234	-0.0607	0.1629	-0.0326	0.4751	0.2973
127.8306	0.0000	0.0000
0.0000	127.8306	0.0000
0.0000	0.0000	127.8306
723
1.2936	0.6713	0.4871	0.2111	0.4585	0.1521
0.4871	0.2111	1.3022	0.6326	0.4871	0.2111
0.4585	0.1521	0.4871	0.2111	1.2936	0.6713          
74.8405	0.0000	0.0000
0.0000	74.8405	0.0000
0.0000	0.0000	74.8405
724
2.0952	0.7758	0.5204	0.2738	0.4926	0.2123
0.5204	0.2738	2.1068	0.7398	0.5204	0.2738
0.4926	0.2123	0.5204	0.2738	2.0952	0.7758
60.2483	0.0000	0.0000
0.0000	60.2483	0.0000
0.0000	0.0000	60.2483 
################################### feeder 123 ###########################
1
0.4576	1.0780	0.1560	0.5017	0.1535	0.3849
0.1560	0.5017	0.4666	1.0482	0.1580	0.4236
0.1535	0.3849	0.1580	0.4236	0.4615	1.0651
5.6765	-1.8319	-0.6982
-1.8319	5.9809	-1.1645
-0.6982	-1.1645	5.3971
2
0.4666	1.0482	0.1580	0.4236	0.1560	0.5017
0.1580	0.4236	0.4615	1.0651	0.1535	0.3849
0.1560	0.5017	0.1535	0.3849	0.4576	1.0780
5.9809	-1.1645	-1.8319
-1.1645	5.3971	-0.6982
-1.8319	-0.6982	5.6765
3
0.4615	1.0651	0.1535	0.3849	0.1580	0.4236
0.1535	0.3849	0.4576	1.0780	0.1560	0.5017
0.1580	0.4236	0.1560	0.5017	0.4666	1.0482
5.3971	-0.6982	-1.1645
-0.6982	5.6765	-1.8319
-1.1645	-1.8319	5.9809
4
0.4615	1.0651	0.1580	0.4236	0.1535	0.3849
0.1580	0.4236	0.4666	1.0482	0.1560	0.5017
0.1535	0.3849	0.1560	0.5017	0.4576	1.0780
5.3971	-1.1645	-0.6982
-1.1645	5.9809	-1.8319
-0.6982	-1.8319	5.6765
5
0.4666	1.0482	0.1560	0.5017	0.1580	0.4236
0.1560	0.5017	0.4576	1.0780	0.1535	0.3849
0.1580	0.4236	0.1535	0.3849	0.4615	1.0651
5.9809	-1.8319	-1.1645
-1.8319	5.6765	-0.6982
-1.1645	-0.6982	5.3971
6
0.4576	1.0780	0.1535	0.3849	0.1560	0.5017
0.1535	0.3849	0.4615	1.0651	0.1580	0.4236
0.1560	0.5017	0.1580	0.4236	0.4666	1.0482
5.6765	-0.6982	-1.8319
-0.6982	5.3971	-1.1645
-1.8319	-1.1645	5.9809
7
0.4576	1.0780	0.0000	0.0000	0.1535	0.3849
0.0000	0.0000	0.0000	0.0000	0.0000	0.0000
0.1535	0.3849	0.0000	0.0000	0.4615	1.0651
5.1154	0.0000	-1.0549
0.0000	0.0000	0.0000
-1.0549	0.0000	5.1704
8
0.4576	1.0780	0.1535	0.3849	0.0000	0.0000
0.1535	0.3849	0.4615	1.0651	0.0000	0.0000
0.0000	0.0000	0.0000	0.0000	0.0000	0.0000
5.1154	-1.0549	0.0000
-1.0549	5.1704	0.0000
0.0000	0.0000	0.0000
9
1.3292	1.3475	0.0000	0.0000	0.0000	0.0000
0.0000	0.0000	0.0000	0.0000	0.0000	0.0000
0.0000	0.0000	0.0000	0.0000	0.0000	0.0000
4.5193	0.0000	0.0000
0.0000	0.0000	0.0000
0.0000	0.0000	0.0000
10
0.0000	0.0000	0.0000	0.0000	0.0000	0.0000
0.0000	0.0000	1.3292	1.3475	0.0000	0.0000
0.0000	0.0000	0.0000	0.0000	0.0000	0.0000
0.0000	0.0000	0.0000
0.0000	4.5193	0.0000
0.0000	0.0000	0.0000
11
0.0000	0.0000	0.0000	0.0000	0.0000	0.0000
0.0000	0.0000	0.0000	0.0000	0.0000	0.0000
0.0000	0.0000	0.0000	0.0000	1.3292	1.3475
0.0000	0.0000	0.0000
0.0000	0.0000	0.0000
0.0000	0.0000	4.5193
12
1.5209	0.7521	0.5198	0.2775	0.4924	0.2157
0.5198	0.2775	1.5329	0.7162	0.5198	0.2775
0.4924	0.2157	0.5198	0.2775	1.5209	0.7521
67.2242	0.0000	0.0000
0.0000	67.2242	0.0000
0.0000	0.0000	67.2242
