kilometer
################################### feeder 8500 ###########################
X_Source
0.0	14.798	0.0	0.0	0.0	0.0
0.0	0.0	0.0	14.798	0.0	0.0
0.0	0.0	0.0	0.0	0.0	14.798
0.0	0.0	0.0
0.0	0.0	0.0
0.0	0.0	0.0
3PH-CONNECTOR-ABC
1	1	0.0	0.0	0.0	0.0
0.0	0.0	1	1	0.0	0.0
0.0	0.0	0.0	0.0	1	1
0.0	0.0	0.0
0.0	0.0	0.0
0.0	0.0	0.0
1PH-CONNECTOR-A
1	1	0.0	0.0	0.0	0.0
0.0	0.0	0.0	0.0	0.0	0.0
0.0	0.0	0.0	0.0	0.0	0.0
0.0	0.0	0.0
0.0	0.0	0.0
0.0	0.0	0.0
1PH-CONNECTOR-B
0.0	0.0	0.0	0.0	0.0	0.0
0.0	0.0	1	1	0.0	0.0
0.0	0.0	0.0	0.0	0.0	0.0
0.0	0.0	0.0
0.0	0.0	0.0
0.0	0.0	0.0
1PH-CONNECTOR-C
0.0	0.0	0.0	0.0	0.0	0.0
0.0	0.0	0.0	0.0	0.0	0.0
0.0	0.0	0.0	0.0	1	1
0.0	0.0	0.0
0.0	0.0	0.0
0.0	0.0	0.0
3P_1/0_AXNJ_DB-ABC
0.551156	0.200765	0.0	0.0	0.0	0.0
0.0	0.0	0.551156	0.200765	0.0	0.0
0.0	0.0	0.0	0.0	0.551156	0.200765
18.346476000000013	0.0	0.0
0.0	18.346476000000013	0.0
0.0	0.0	18.346476000000013
1P_1/0_AXNJ_DB-A
0.958962	0.541276	0.0	0.0	0.0	0.0
0.0	0.0	0.0	0.0	0.0	0.0
0.0	0.0	0.0	0.0	0.0	0.0
9.772923000000018	0.0	0.0
0.0	0.0	0.0
0.0	0.0	0.0
1P_1/0_AXNJ_DB-B
0.0	0.0	0.0	0.0	0.0	0.0
0.0	0.0	0.958962	0.541276	0.0	0.0
0.0	0.0	0.0	0.0	0.0	0.0
0.0	0.0	0.0
0.0	9.772923000000018	0.0
0.0	0.0	0.0
1P_1/0_AXNJ_DB-C
0.0	0.0	0.0	0.0	0.0	0.0
0.0	0.0	0.0	0.0	0.0	0.0
0.0	0.0	0.0	0.0	0.958962	0.541276
0.0	0.0	0.0
0.0	0.0	0.0
0.0	0.0	9.772923000000018
1PH-X4_ACSRX4_ACSR-A
1.67466	0.93456	0.0	0.0	0.0	0.0
0.0	0.0	0.0	0.0	0.0	0.0
0.0	0.0	0.0	0.0	0.0	0.0
2.383658293170027	0.0	0.0
0.0	0.0	0.0
0.0	0.0	0.0
1PH-X4_ACSRX4_ACSR-B
0.0	0.0	0.0	0.0	0.0	0.0
0.0	0.0	1.67466	0.93456	0.0	0.0
0.0	0.0	0.0	0.0	0.0	0.0
0.0	0.0	0.0
0.0	2.383658293170027	0.0
0.0	0.0	0.0
1PH-X4_ACSRX4_ACSR-C
0.0	0.0	0.0	0.0	0.0	0.0
0.0	0.0	0.0	0.0	0.0	0.0
0.0	0.0	0.0	0.0	1.67466	0.93456
0.0	0.0	0.0
0.0	0.0	0.0
0.0	0.0	2.383658293170027
1PH-XX4_ACSR4_ACSR-A
1.67466	0.93456	0.0	0.0	0.0	0.0
0.0	0.0	0.0	0.0	0.0	0.0
0.0	0.0	0.0	0.0	0.0	0.0
2.383658293170027	0.0	0.0
0.0	0.0	0.0
0.0	0.0	0.0
1PH-XX4_ACSR4_ACSR-B
0.0	0.0	0.0	0.0	0.0	0.0
0.0	0.0	1.67466	0.93456	0.0	0.0
0.0	0.0	0.0	0.0	0.0	0.0
0.0	0.0	0.0
0.0	2.383658293170027	0.0
0.0	0.0	0.0
1PH-XX4_ACSR4_ACSR-C
0.0	0.0	0.0	0.0	0.0	0.0
0.0	0.0	0.0	0.0	0.0	0.0
0.0	0.0	0.0	0.0	1.67466	0.93456
0.0	0.0	0.0
0.0	0.0	0.0
0.0	0.0	2.383658293170027
1PH-X2_ACSRX2_ACSR-A
1.1223	0.896365	0.0	0.0	0.0	0.0
0.0	0.0	0.0	0.0	0.0	0.0
0.0	0.0	0.0	0.0	0.0	0.0
2.448866446924998	0.0	0.0
0.0	0.0	0.0
0.0	0.0	0.0
1PH-X2_ACSRX2_ACSR-B
0.0	0.0	0.0	0.0	0.0	0.0
0.0	0.0	1.1223	0.896365	0.0	0.0
0.0	0.0	0.0	0.0	0.0	0.0
0.0	0.0	0.0
0.0	2.448866446924998	0.0
0.0	0.0	0.0
1PH-X2_ACSRX2_ACSR-C
0.0	0.0	0.0	0.0	0.0	0.0
0.0	0.0	0.0	0.0	0.0	0.0
0.0	0.0	0.0	0.0	1.1223	0.896365
0.0	0.0	0.0
0.0	0.0	0.0
0.0	0.0	2.448866446924998
1PH-X4_ACSRX4_WPAL-A
1.67723	0.932411	0.0	0.0	0.0	0.0
0.0	0.0	0.0	0.0	0.0	0.0
0.0	0.0	0.0	0.0	0.0	0.0
2.383658293170027	0.0	0.0
0.0	0.0	0.0
0.0	0.0	0.0
1PH-X4_ACSRX4_WPAL-B
0.0	0.0	0.0	0.0	0.0	0.0
0.0	0.0	1.67723	0.932411	0.0	0.0
0.0	0.0	0.0	0.0	0.0	0.0
0.0	0.0	0.0
0.0	2.383658293170027	0.0
0.0	0.0	0.0
1PH-X4_ACSRX4_WPAL-C
0.0	0.0	0.0	0.0	0.0	0.0
0.0	0.0	0.0	0.0	0.0	0.0
0.0	0.0	0.0	0.0	1.67723	0.932411
0.0	0.0	0.0
0.0	0.0	0.0
0.0	0.0	2.383658293170027
3PH_H-4_ACSR4_ACSR4_ACSR4_ACSR-ABC
1.6834	0.9273	0.138324	0.432623	0.142669	0.412253
0.138324	0.432623	1.67686	0.932728	0.139294	0.450469
0.142669	0.412253	0.139294	0.450469	1.68543	0.925637
2.865501951369953	-0.7530435289766576	-0.62880987580898
-0.7530435289766576	2.973747411204982	-0.8764628813285249
-0.62880987580898	-0.8764628813285249	2.93313038810525
3PH_H-2/0_ACSR2/0_ACSR2/0_ACSR2_ACSR-ABC
0.66087	0.869947	0.137499	0.388579	0.142066	0.366115
0.137499	0.388579	0.653999	0.878528	0.138518	0.405953
0.142066	0.366115	0.138518	0.405953	0.663007	0.8673
3.146066281528505	-0.8731152001968595	-0.7210181334659634
-0.8731152001968595	3.287735773923606	-1.0243414174441807
-0.7210181334659634	-1.0243414174441807	3.2333434953564137
1PH-4_WPALXX2_WPAL-A
1.63092	0.861221	0.0	0.0	0.0	0.0
0.0	0.0	0.0	0.0	0.0	0.0
0.0	0.0	0.0	0.0	0.0	0.0
2.383658293170027	0.0	0.0
0.0	0.0	0.0
0.0	0.0	0.0
1PH-4_WPALXX2_WPAL-B
0.0	0.0	0.0	0.0	0.0	0.0
0.0	0.0	1.63092	0.861221	0.0	0.0
0.0	0.0	0.0	0.0	0.0	0.0
0.0	0.0	0.0
0.0	2.383658293170027	0.0
0.0	0.0	0.0
1PH-4_WPALXX2_WPAL-C
0.0	0.0	0.0	0.0	0.0	0.0
0.0	0.0	0.0	0.0	0.0	0.0
0.0	0.0	0.0	0.0	1.63092	0.861221
0.0	0.0	0.0
0.0	0.0	0.0
0.0	0.0	2.383658293170027
3PH_H-4_ACSR2_ACSR2_ACSR4_WPAL-ABC
1.68626	0.924966	0.141078	0.430359	0.145566	0.409898
0.141078	0.430359	1.12824	0.933765	0.14208	0.448185
0.145566	0.409898	0.14208	0.448185	1.1371	0.926495
2.876510092028132	-0.7724133326416311	-0.642294848115249
-0.7724133326416311	3.085423490217731	-0.9373846460669382
-0.642294848115249	-0.9373846460669382	3.041982803640953
1PH-4_ACSRXX4_ACSR-A
1.67466	0.93456	0.0	0.0	0.0	0.0
0.0	0.0	0.0	0.0	0.0	0.0
0.0	0.0	0.0	0.0	0.0	0.0
2.383658293170027	0.0	0.0
0.0	0.0	0.0
0.0	0.0	0.0
1PH-4_ACSRXX4_ACSR-B
0.0	0.0	0.0	0.0	0.0	0.0
0.0	0.0	1.67466	0.93456	0.0	0.0
0.0	0.0	0.0	0.0	0.0	0.0
0.0	0.0	0.0
0.0	2.383658293170027	0.0
0.0	0.0	0.0
1PH-4_ACSRXX4_ACSR-C
0.0	0.0	0.0	0.0	0.0	0.0
0.0	0.0	0.0	0.0	0.0	0.0
0.0	0.0	0.0	0.0	1.67466	0.93456
0.0	0.0	0.0
0.0	0.0	0.0
0.0	0.0	2.383658293170027
3PH_H-4_ACSR4_ACSR4_ACSR4_WPAL-ABC
1.68626	0.924966	0.141078	0.430359	0.145566	0.409898
0.141078	0.430359	1.6795	0.930531	0.14208	0.448185
0.145566	0.409898	0.14208	0.448185	1.68836	0.923261
2.865501951369953	-0.7530435289766576	-0.62880987580898
-0.7530435289766576	2.973747411204982	-0.8764628813285249
-0.62880987580898	-0.8764628813285249	2.93313038810525
1PH-2_ACSRXX2_ACSR-A
1.1223	0.896365	0.0	0.0	0.0	0.0
0.0	0.0	0.0	0.0	0.0	0.0
0.0	0.0	0.0	0.0	0.0	0.0
2.448866446924998	0.0	0.0
0.0	0.0	0.0
0.0	0.0	0.0
1PH-2_ACSRXX2_ACSR-B
0.0	0.0	0.0	0.0	0.0	0.0
0.0	0.0	1.1223	0.896365	0.0	0.0
0.0	0.0	0.0	0.0	0.0	0.0
0.0	0.0	0.0
0.0	2.448866446924998	0.0
0.0	0.0	0.0
1PH-2_ACSRXX2_ACSR-C
0.0	0.0	0.0	0.0	0.0	0.0
0.0	0.0	0.0	0.0	0.0	0.0
0.0	0.0	0.0	0.0	1.1223	0.896365
0.0	0.0	0.0
0.0	0.0	0.0
0.0	0.0	2.448866446924998
1PH-4_WPALXX4_ACSR-A
1.63124	0.898979	0.0	0.0	0.0	0.0
0.0	0.0	0.0	0.0	0.0	0.0
0.0	0.0	0.0	0.0	0.0	0.0
2.383658293170027	0.0	0.0
0.0	0.0	0.0
0.0	0.0	0.0
1PH-4_WPALXX4_ACSR-B
0.0	0.0	0.0	0.0	0.0	0.0
0.0	0.0	1.63124	0.898979	0.0	0.0
0.0	0.0	0.0	0.0	0.0	0.0
0.0	0.0	0.0
0.0	2.383658293170027	0.0
0.0	0.0	0.0
1PH-4_WPALXX4_ACSR-C
0.0	0.0	0.0	0.0	0.0	0.0
0.0	0.0	0.0	0.0	0.0	0.0
0.0	0.0	0.0	0.0	1.63124	0.898979
0.0	0.0	0.0
0.0	0.0	0.0
0.0	0.0	2.383658293170027
3PH_H-397_ACSR397_ACSR397_ACSR2/0_ACSR-ABC
0.270019	0.695974	0.109951	0.33351	0.113538	0.308271
0.109951	0.33351	0.264634	0.708729	0.110747	0.350259
0.113538	0.308271	0.110747	0.350259	0.271698	0.692021
3.4442134774506683	-1.0057255960160691	-0.820506089619845
-1.0057255960160691	3.627506559231711	-1.190025244083322
-0.820506089619845	-1.190025244083322	3.5557689193055184
1PH-2_ACSRXX4_ACSR-A
1.12339	0.937794	0.0	0.0	0.0	0.0
0.0	0.0	0.0	0.0	0.0	0.0
0.0	0.0	0.0	0.0	0.0	0.0
2.448866446924998	0.0	0.0
0.0	0.0	0.0
0.0	0.0	0.0
1PH-2_ACSRXX4_ACSR-B
0.0	0.0	0.0	0.0	0.0	0.0
0.0	0.0	1.12339	0.937794	0.0	0.0
0.0	0.0	0.0	0.0	0.0	0.0
0.0	0.0	0.0
0.0	2.448866446924998	0.0
0.0	0.0	0.0
1PH-2_ACSRXX4_ACSR-C
0.0	0.0	0.0	0.0	0.0	0.0
0.0	0.0	0.0	0.0	0.0	0.0
0.0	0.0	0.0	0.0	1.12339	0.937794
0.0	0.0	0.0
0.0	0.0	0.0
0.0	0.0	2.448866446924998
1PH-XX2_ACSR2_ACSR-A
1.1223	0.896365	0.0	0.0	0.0	0.0
0.0	0.0	0.0	0.0	0.0	0.0
0.0	0.0	0.0	0.0	0.0	0.0
2.448866446924998	0.0	0.0
0.0	0.0	0.0
0.0	0.0	0.0
1PH-XX2_ACSR2_ACSR-B
0.0	0.0	0.0	0.0	0.0	0.0
0.0	0.0	1.1223	0.896365	0.0	0.0
0.0	0.0	0.0	0.0	0.0	0.0
0.0	0.0	0.0
0.0	2.448866446924998	0.0
0.0	0.0	0.0
1PH-XX2_ACSR2_ACSR-C
0.0	0.0	0.0	0.0	0.0	0.0
0.0	0.0	0.0	0.0	0.0	0.0
0.0	0.0	0.0	0.0	1.1223	0.896365
0.0	0.0	0.0
0.0	0.0	0.0
0.0	0.0	2.448866446924998
1PH-XX4_WPAL4_WPAL-A
1.63382	0.89683	0.0	0.0	0.0	0.0
0.0	0.0	0.0	0.0	0.0	0.0
0.0	0.0	0.0	0.0	0.0	0.0
2.383658293170027	0.0	0.0
0.0	0.0	0.0
0.0	0.0	0.0
1PH-XX4_WPAL4_WPAL-B
0.0	0.0	0.0	0.0	0.0	0.0
0.0	0.0	1.63382	0.89683	0.0	0.0
0.0	0.0	0.0	0.0	0.0	0.0
0.0	0.0	0.0
0.0	2.383658293170027	0.0
0.0	0.0	0.0
1PH-XX4_WPAL4_WPAL-C
0.0	0.0	0.0	0.0	0.0	0.0
0.0	0.0	0.0	0.0	0.0	0.0
0.0	0.0	0.0	0.0	1.63382	0.89683
0.0	0.0	0.0
0.0	0.0	0.0
0.0	0.0	2.383658293170027
1PH-X4_WPALX4_WPAL-A
1.63382	0.89683	0.0	0.0	0.0	0.0
0.0	0.0	0.0	0.0	0.0	0.0
0.0	0.0	0.0	0.0	0.0	0.0
2.383658293170027	0.0	0.0
0.0	0.0	0.0
0.0	0.0	0.0
1PH-X4_WPALX4_WPAL-B
0.0	0.0	0.0	0.0	0.0	0.0
0.0	0.0	1.63382	0.89683	0.0	0.0
0.0	0.0	0.0	0.0	0.0	0.0
0.0	0.0	0.0
0.0	2.383658293170027	0.0
0.0	0.0	0.0
1PH-X4_WPALX4_WPAL-C
0.0	0.0	0.0	0.0	0.0	0.0
0.0	0.0	0.0	0.0	0.0	0.0
0.0	0.0	0.0	0.0	1.63382	0.89683
0.0	0.0	0.0
0.0	0.0	0.0
0.0	0.0	2.383658293170027
1PH-XX4_WPAL4_ACSR-A
1.63124	0.898979	0.0	0.0	0.0	0.0
0.0	0.0	0.0	0.0	0.0	0.0
0.0	0.0	0.0	0.0	0.0	0.0
2.383658293170027	0.0	0.0
0.0	0.0	0.0
0.0	0.0	0.0
1PH-XX4_WPAL4_ACSR-B
0.0	0.0	0.0	0.0	0.0	0.0
0.0	0.0	1.63124	0.898979	0.0	0.0
0.0	0.0	0.0	0.0	0.0	0.0
0.0	0.0	0.0
0.0	2.383658293170027	0.0
0.0	0.0	0.0
1PH-XX4_WPAL4_ACSR-C
0.0	0.0	0.0	0.0	0.0	0.0
0.0	0.0	0.0	0.0	0.0	0.0
0.0	0.0	0.0	0.0	1.63124	0.898979
0.0	0.0	0.0
0.0	0.0	0.0
0.0	0.0	2.383658293170027
1PH-X2_ACSRX1/0_TPX-A
1.03207	0.801436	0.0	0.0	0.0	0.0
0.0	0.0	0.0	0.0	0.0	0.0
0.0	0.0	0.0	0.0	0.0	0.0
2.448866446924998	0.0	0.0
0.0	0.0	0.0
0.0	0.0	0.0
1PH-X2_ACSRX1/0_TPX-B
0.0	0.0	0.0	0.0	0.0	0.0
0.0	0.0	1.03207	0.801436	0.0	0.0
0.0	0.0	0.0	0.0	0.0	0.0
0.0	0.0	0.0
0.0	2.448866446924998	0.0
0.0	0.0	0.0
1PH-X2_ACSRX1/0_TPX-C
0.0	0.0	0.0	0.0	0.0	0.0
0.0	0.0	0.0	0.0	0.0	0.0
0.0	0.0	0.0	0.0	1.03207	0.801436
0.0	0.0	0.0
0.0	0.0	0.0
0.0	0.0	2.448866446924998
1PH-4_ACSRXX4_WPAL-A
1.67723	0.932411	0.0	0.0	0.0	0.0
0.0	0.0	0.0	0.0	0.0	0.0
0.0	0.0	0.0	0.0	0.0	0.0
2.383658293170027	0.0	0.0
0.0	0.0	0.0
0.0	0.0	0.0
1PH-4_ACSRXX4_WPAL-B
0.0	0.0	0.0	0.0	0.0	0.0
0.0	0.0	1.67723	0.932411	0.0	0.0
0.0	0.0	0.0	0.0	0.0	0.0
0.0	0.0	0.0
0.0	2.383658293170027	0.0
0.0	0.0	0.0
1PH-4_ACSRXX4_WPAL-C
0.0	0.0	0.0	0.0	0.0	0.0
0.0	0.0	0.0	0.0	0.0	0.0
0.0	0.0	0.0	0.0	1.67723	0.932411
0.0	0.0	0.0
0.0	0.0	0.0
0.0	0.0	2.383658293170027
1PH-XX4_ACSR1/0_TPX-A
1.58334	0.798203	0.0	0.0	0.0	0.0
0.0	0.0	0.0	0.0	0.0	0.0
0.0	0.0	0.0	0.0	0.0	0.0
2.383658293170027	0.0	0.0
0.0	0.0	0.0
0.0	0.0	0.0
1PH-XX4_ACSR1/0_TPX-B
0.0	0.0	0.0	0.0	0.0	0.0
0.0	0.0	1.58334	0.798203	0.0	0.0
0.0	0.0	0.0	0.0	0.0	0.0
0.0	0.0	0.0
0.0	2.383658293170027	0.0
0.0	0.0	0.0
1PH-XX4_ACSR1/0_TPX-C
0.0	0.0	0.0	0.0	0.0	0.0
0.0	0.0	0.0	0.0	0.0	0.0
0.0	0.0	0.0	0.0	1.58334	0.798203
0.0	0.0	0.0
0.0	0.0	0.0
0.0	0.0	2.383658293170027
3PH_H-4_WPAL4_WPAL4_WPAL4_ACSR-ABC
1.63999	0.891719	0.138324	0.432623	0.142669	0.412253
0.138324	0.432623	1.63344	0.897146	0.139294	0.450469
0.142669	0.412253	0.139294	0.450469	1.64202	0.890056
2.865501951369953	-0.7530435289766576	-0.62880987580898
-0.7530435289766576	2.973747411204982	-0.8764628813285249
-0.62880987580898	-0.8764628813285249	2.93313038810525
1PH-X4_WPALX4_ACSR-A
1.63124	0.898979	0.0	0.0	0.0	0.0
0.0	0.0	0.0	0.0	0.0	0.0
0.0	0.0	0.0	0.0	0.0	0.0
2.383658293170027	0.0	0.0
0.0	0.0	0.0
0.0	0.0	0.0
1PH-X4_WPALX4_ACSR-B
0.0	0.0	0.0	0.0	0.0	0.0
0.0	0.0	1.63124	0.898979	0.0	0.0
0.0	0.0	0.0	0.0	0.0	0.0
0.0	0.0	0.0
0.0	2.383658293170027	0.0
0.0	0.0	0.0
1PH-X4_WPALX4_ACSR-C
0.0	0.0	0.0	0.0	0.0	0.0
0.0	0.0	0.0	0.0	0.0	0.0
0.0	0.0	0.0	0.0	1.63124	0.898979
0.0	0.0	0.0
0.0	0.0	0.0
0.0	0.0	2.383658293170027
1PH-4_WPALXX4_WPAL-A
1.63382	0.89683	0.0	0.0	0.0	0.0
0.0	0.0	0.0	0.0	0.0	0.0
0.0	0.0	0.0	0.0	0.0	0.0
2.383658293170027	0.0	0.0
0.0	0.0	0.0
0.0	0.0	0.0
1PH-4_WPALXX4_WPAL-B
0.0	0.0	0.0	0.0	0.0	0.0
0.0	0.0	1.63382	0.89683	0.0	0.0
0.0	0.0	0.0	0.0	0.0	0.0
0.0	0.0	0.0
0.0	2.383658293170027	0.0
0.0	0.0	0.0
1PH-4_WPALXX4_WPAL-C
0.0	0.0	0.0	0.0	0.0	0.0
0.0	0.0	0.0	0.0	0.0	0.0
0.0	0.0	0.0	0.0	1.63382	0.89683
0.0	0.0	0.0
0.0	0.0	0.0
0.0	0.0	2.383658293170027
3PH_H-4_WPAL4_WPAL4_WPAL4_WPAL-ABC
1.64285	0.889385	0.141078	0.430359	0.145566	0.409898
0.141078	0.430359	1.63609	0.89495	0.14208	0.448185
0.145566	0.409898	0.14208	0.448185	1.64495	0.88768
2.865501951369953	-0.7530435289766576	-0.62880987580898
-0.7530435289766576	2.973747411204982	-0.8764628813285249
-0.62880987580898	-0.8764628813285249	2.93313038810525
3PH_H-2_ACSR2_ACSR2_ACSR2_ACSR-ABC
1.13148	0.884886	0.137499	0.388579	0.142066	0.366115
0.137499	0.388579	1.12461	0.893467	0.138518	0.405953
0.142066	0.366115	0.138518	0.405953	1.13362	0.882239
2.972009482149016	-0.7980562685172923	-0.6636174657736935
-0.7980562685172923	3.092307348040277	-0.9316581509779747
-0.6636174657736935	-0.9316581509779747	3.046744201466733
1PH-4_ACSRXX1/0_TPX-A
1.58334	0.798203	0.0	0.0	0.0	0.0
0.0	0.0	0.0	0.0	0.0	0.0
0.0	0.0	0.0	0.0	0.0	0.0
2.383658293170027	0.0	0.0
0.0	0.0	0.0
0.0	0.0	0.0
1PH-4_ACSRXX1/0_TPX-B
0.0	0.0	0.0	0.0	0.0	0.0
0.0	0.0	1.58334	0.798203	0.0	0.0
0.0	0.0	0.0	0.0	0.0	0.0
0.0	0.0	0.0
0.0	2.383658293170027	0.0
0.0	0.0	0.0
1PH-4_ACSRXX1/0_TPX-C
0.0	0.0	0.0	0.0	0.0	0.0
0.0	0.0	0.0	0.0	0.0	0.0
0.0	0.0	0.0	0.0	1.58334	0.798203
0.0	0.0	0.0
0.0	0.0	0.0
0.0	0.0	2.383658293170027
3PH_H-4_ACSR2_ACSR2_ACSR4_ACSR-ABC
1.6834	0.9273	0.138324	0.432623	0.142669	0.412253
0.138324	0.432623	1.12559	0.935962	0.139294	0.450469
0.142669	0.412253	0.139294	0.450469	1.13417	0.928871
2.876510092028132	-0.7724133326416311	-0.642294848115249
-0.7724133326416311	3.085423490217731	-0.9373846460669382
-0.642294848115249	-0.9373846460669382	3.041982803640953
1PH-XX4_ACSR4_WPAL-A
1.67723	0.932411	0.0	0.0	0.0	0.0
0.0	0.0	0.0	0.0	0.0	0.0
0.0	0.0	0.0	0.0	0.0	0.0
2.383658293170027	0.0	0.0
0.0	0.0	0.0
0.0	0.0	0.0
1PH-XX4_ACSR4_WPAL-B
0.0	0.0	0.0	0.0	0.0	0.0
0.0	0.0	1.67723	0.932411	0.0	0.0
0.0	0.0	0.0	0.0	0.0	0.0
0.0	0.0	0.0
0.0	2.383658293170027	0.0
0.0	0.0	0.0
1PH-XX4_ACSR4_WPAL-C
0.0	0.0	0.0	0.0	0.0	0.0
0.0	0.0	0.0	0.0	0.0	0.0
0.0	0.0	0.0	0.0	1.67723	0.932411
0.0	0.0	0.0
0.0	0.0	0.0
0.0	0.0	2.383658293170027
1PH-4_ACSRXX2_ACSR-A
1.67357	0.893131	0.0	0.0	0.0	0.0
0.0	0.0	0.0	0.0	0.0	0.0
0.0	0.0	0.0	0.0	0.0	0.0
2.383658293170027	0.0	0.0
0.0	0.0	0.0
0.0	0.0	0.0
1PH-4_ACSRXX2_ACSR-B
0.0	0.0	0.0	0.0	0.0	0.0
0.0	0.0	1.67357	0.893131	0.0	0.0
0.0	0.0	0.0	0.0	0.0	0.0
0.0	0.0	0.0
0.0	2.383658293170027	0.0
0.0	0.0	0.0
1PH-4_ACSRXX2_ACSR-C
0.0	0.0	0.0	0.0	0.0	0.0
0.0	0.0	0.0	0.0	0.0	0.0
0.0	0.0	0.0	0.0	1.67357	0.893131
0.0	0.0	0.0
0.0	0.0	0.0
0.0	0.0	2.383658293170027
1PH-X4_WPALX1/0_TPX-A
1.53992	0.762621	0.0	0.0	0.0	0.0
0.0	0.0	0.0	0.0	0.0	0.0
0.0	0.0	0.0	0.0	0.0	0.0
2.383658293170027	0.0	0.0
0.0	0.0	0.0
0.0	0.0	0.0
1PH-X4_WPALX1/0_TPX-B
0.0	0.0	0.0	0.0	0.0	0.0
0.0	0.0	1.53992	0.762621	0.0	0.0
0.0	0.0	0.0	0.0	0.0	0.0
0.0	0.0	0.0
0.0	2.383658293170027	0.0
0.0	0.0	0.0
1PH-X4_WPALX1/0_TPX-C
0.0	0.0	0.0	0.0	0.0	0.0
0.0	0.0	0.0	0.0	0.0	0.0
0.0	0.0	0.0	0.0	1.53992	0.762621
0.0	0.0	0.0
0.0	0.0	0.0
0.0	0.0	2.383658293170027
1PH-XX4_ACSR1/0_ACSR-A
1.65698	0.855269	0.0	0.0	0.0	0.0
0.0	0.0	0.0	0.0	0.0	0.0
0.0	0.0	0.0	0.0	0.0	0.0
2.383658293170027	0.0	0.0
0.0	0.0	0.0
0.0	0.0	0.0
1PH-XX4_ACSR1/0_ACSR-B
0.0	0.0	0.0	0.0	0.0	0.0
0.0	0.0	1.65698	0.855269	0.0	0.0
0.0	0.0	0.0	0.0	0.0	0.0
0.0	0.0	0.0
0.0	2.383658293170027	0.0
0.0	0.0	0.0
1PH-XX4_ACSR1/0_ACSR-C
0.0	0.0	0.0	0.0	0.0	0.0
0.0	0.0	0.0	0.0	0.0	0.0
0.0	0.0	0.0	0.0	1.65698	0.855269
0.0	0.0	0.0
0.0	0.0	0.0
0.0	0.0	2.383658293170027
1PH-2_ACSRXX4_WPAL-A
1.12597	0.935645	0.0	0.0	0.0	0.0
0.0	0.0	0.0	0.0	0.0	0.0
0.0	0.0	0.0	0.0	0.0	0.0
2.448866446924998	0.0	0.0
0.0	0.0	0.0
0.0	0.0	0.0
1PH-2_ACSRXX4_WPAL-B
0.0	0.0	0.0	0.0	0.0	0.0
0.0	0.0	1.12597	0.935645	0.0	0.0
0.0	0.0	0.0	0.0	0.0	0.0
0.0	0.0	0.0
0.0	2.448866446924998	0.0
0.0	0.0	0.0
1PH-2_ACSRXX4_WPAL-C
0.0	0.0	0.0	0.0	0.0	0.0
0.0	0.0	0.0	0.0	0.0	0.0
0.0	0.0	0.0	0.0	1.12597	0.935645
0.0	0.0	0.0
0.0	0.0	0.0
0.0	0.0	2.448866446924998
1PH-XX2/0_ACSR1/0_TPX-A
0.561461	0.786498	0.0	0.0	0.0	0.0
0.0	0.0	0.0	0.0	0.0	0.0
0.0	0.0	0.0	0.0	0.0	0.0
2.55222233195398	0.0	0.0
0.0	0.0	0.0
0.0	0.0	0.0
1PH-XX2/0_ACSR1/0_TPX-B
0.0	0.0	0.0	0.0	0.0	0.0
0.0	0.0	0.561461	0.786498	0.0	0.0
0.0	0.0	0.0	0.0	0.0	0.0
0.0	0.0	0.0
0.0	2.55222233195398	0.0
0.0	0.0	0.0
1PH-XX2/0_ACSR1/0_TPX-C
0.0	0.0	0.0	0.0	0.0	0.0
0.0	0.0	0.0	0.0	0.0	0.0
0.0	0.0	0.0	0.0	0.561461	0.786498
0.0	0.0	0.0
0.0	0.0	0.0
0.0	0.0	2.55222233195398
2PH_H-2_ACSRX2_ACSR2_ACSR-AC
1.13148	0.884886	0.0	0.0	0.142066	0.366115
0.0	0.0	0.0	0.0	0.0	0.0
0.142066	0.366115	0.0	0.0	1.13362	0.882239
2.766051694327915	0.0	-0.9040586311976575
0.0	0.0	0.0
-0.9040586311976575	0.0	2.766051694327915
1PH-2_WPALXX2_WPAL-A
1.16232	0.900036	0.0	0.0	0.0	0.0
0.0	0.0	0.0	0.0	0.0	0.0
0.0	0.0	0.0	0.0	0.0	0.0
2.448866446924998	0.0	0.0
0.0	0.0	0.0
0.0	0.0	0.0
1PH-2_WPALXX2_WPAL-B
0.0	0.0	0.0	0.0	0.0	0.0
0.0	0.0	1.16232	0.900036	0.0	0.0
0.0	0.0	0.0	0.0	0.0	0.0
0.0	0.0	0.0
0.0	2.448866446924998	0.0
0.0	0.0	0.0
1PH-2_WPALXX2_WPAL-C
0.0	0.0	0.0	0.0	0.0	0.0
0.0	0.0	0.0	0.0	0.0	0.0
0.0	0.0	0.0	0.0	1.16232	0.900036
0.0	0.0	0.0
0.0	0.0	0.0
0.0	0.0	2.448866446924998
1PH-2_ACSRXX4/0_TPX-A
1.07236	0.807978	0.0	0.0	0.0	0.0
0.0	0.0	0.0	0.0	0.0	0.0
0.0	0.0	0.0	0.0	0.0	0.0
2.448866446924998	0.0	0.0
0.0	0.0	0.0
0.0	0.0	0.0
1PH-2_ACSRXX4/0_TPX-B
0.0	0.0	0.0	0.0	0.0	0.0
0.0	0.0	1.07236	0.807978	0.0	0.0
0.0	0.0	0.0	0.0	0.0	0.0
0.0	0.0	0.0
0.0	2.448866446924998	0.0
0.0	0.0	0.0
1PH-2_ACSRXX4/0_TPX-C
0.0	0.0	0.0	0.0	0.0	0.0
0.0	0.0	0.0	0.0	0.0	0.0
0.0	0.0	0.0	0.0	1.07236	0.807978
0.0	0.0	0.0
0.0	0.0	0.0
0.0	0.0	2.448866446924998
3PH_H-397_ACSR397_ACSR397_ACSR4_WPAL-ABC
0.301838	0.796484	0.141078	0.430359	0.145566	0.409898
0.141078	0.430359	0.295078	0.802049	0.14208	0.448185
0.145566	0.409898	0.14208	0.448185	0.303936	0.794778
3.4442134774506683	-1.0057255960160691	-0.820506089619845
-1.0057255960160691	3.627506559231711	-1.190025244083322
-0.820506089619845	-1.190025244083322	3.5557689193055184
3PH_H-397_ACSR397_ACSR397_ACSR397_ACSR-ABC
0.214162	0.634957	0.0557957	0.27487	0.0571636	0.246528
0.0557957	0.27487	0.212131	0.652375	0.0560892	0.29092
0.0571636	0.246528	0.0560892	0.29092	0.214801	0.629544
3.4442134774506683	-1.0057255960160691	-0.820506089619845
-1.0057255960160691	3.627506559231711	-1.190025244083322
-0.820506089619845	-1.190025244083322	3.5557689193055184
1PH-XX2_ACSR1/0_TPX-A
1.03207	0.801436	0.0	0.0	0.0	0.0
0.0	0.0	0.0	0.0	0.0	0.0
0.0	0.0	0.0	0.0	0.0	0.0
2.448866446924998	0.0	0.0
0.0	0.0	0.0
0.0	0.0	0.0
1PH-XX2_ACSR1/0_TPX-B
0.0	0.0	0.0	0.0	0.0	0.0
0.0	0.0	1.03207	0.801436	0.0	0.0
0.0	0.0	0.0	0.0	0.0	0.0
0.0	0.0	0.0
0.0	2.448866446924998	0.0
0.0	0.0	0.0
1PH-XX2_ACSR1/0_TPX-C
0.0	0.0	0.0	0.0	0.0	0.0
0.0	0.0	0.0	0.0	0.0	0.0
0.0	0.0	0.0	0.0	1.03207	0.801436
0.0	0.0	0.0
0.0	0.0	0.0
0.0	0.0	2.448866446924998
1PH-X4_ACSRX2_WPAL-A
1.67434	0.896802	0.0	0.0	0.0	0.0
0.0	0.0	0.0	0.0	0.0	0.0
0.0	0.0	0.0	0.0	0.0	0.0
2.383658293170027	0.0	0.0
0.0	0.0	0.0
0.0	0.0	0.0
1PH-X4_ACSRX2_WPAL-B
0.0	0.0	0.0	0.0	0.0	0.0
0.0	0.0	1.67434	0.896802	0.0	0.0
0.0	0.0	0.0	0.0	0.0	0.0
0.0	0.0	0.0
0.0	2.383658293170027	0.0
0.0	0.0	0.0
1PH-X4_ACSRX2_WPAL-C
0.0	0.0	0.0	0.0	0.0	0.0
0.0	0.0	0.0	0.0	0.0	0.0
0.0	0.0	0.0	0.0	1.67434	0.896802
0.0	0.0	0.0
0.0	0.0	0.0
0.0	0.0	2.383658293170027
1PH-X4_ACSRX4_DPX-A
1.6773	0.932059	0.0	0.0	0.0	0.0
0.0	0.0	0.0	0.0	0.0	0.0
0.0	0.0	0.0	0.0	0.0	0.0
2.383658293170027	0.0	0.0
0.0	0.0	0.0
0.0	0.0	0.0
1PH-X4_ACSRX4_DPX-B
0.0	0.0	0.0	0.0	0.0	0.0
0.0	0.0	1.6773	0.932059	0.0	0.0
0.0	0.0	0.0	0.0	0.0	0.0
0.0	0.0	0.0
0.0	2.383658293170027	0.0
0.0	0.0	0.0
1PH-X4_ACSRX4_DPX-C
0.0	0.0	0.0	0.0	0.0	0.0
0.0	0.0	0.0	0.0	0.0	0.0
0.0	0.0	0.0	0.0	1.6773	0.932059
0.0	0.0	0.0
0.0	0.0	0.0
0.0	0.0	2.383658293170027
3PH_H-2_ACSR2_ACSR4_ACSR4_ACSR-ABC
1.13214	0.930534	0.138324	0.432623	0.142669	0.412253
0.138324	0.432623	1.12559	0.935962	0.139294	0.450469
0.142669	0.412253	0.139294	0.450469	1.68543	0.925637
2.9672518542344197	-0.8047365511358856	-0.6417746003718144
-0.8047365511358856	3.082931578924903	-0.9009936934048154
-0.6417746003718144	-0.9009936934048154	2.9464607940529626
1PH-4_WPALXX1/0_TPX-A
1.53992	0.762621	0.0	0.0	0.0	0.0
0.0	0.0	0.0	0.0	0.0	0.0
0.0	0.0	0.0	0.0	0.0	0.0
2.383658293170027	0.0	0.0
0.0	0.0	0.0
0.0	0.0	0.0
1PH-4_WPALXX1/0_TPX-B
0.0	0.0	0.0	0.0	0.0	0.0
0.0	0.0	1.53992	0.762621	0.0	0.0
0.0	0.0	0.0	0.0	0.0	0.0
0.0	0.0	0.0
0.0	2.383658293170027	0.0
0.0	0.0	0.0
1PH-4_WPALXX1/0_TPX-C
0.0	0.0	0.0	0.0	0.0	0.0
0.0	0.0	0.0	0.0	0.0	0.0
0.0	0.0	0.0	0.0	1.53992	0.762621
0.0	0.0	0.0
0.0	0.0	0.0
0.0	0.0	2.383658293170027
1PH-X4_ACSRX1/0_TPX-A
1.58334	0.798203	0.0	0.0	0.0	0.0
0.0	0.0	0.0	0.0	0.0	0.0
0.0	0.0	0.0	0.0	0.0	0.0
2.383658293170027	0.0	0.0
0.0	0.0	0.0
0.0	0.0	0.0
1PH-X4_ACSRX1/0_TPX-B
0.0	0.0	0.0	0.0	0.0	0.0
0.0	0.0	1.58334	0.798203	0.0	0.0
0.0	0.0	0.0	0.0	0.0	0.0
0.0	0.0	0.0
0.0	2.383658293170027	0.0
0.0	0.0	0.0
1PH-X4_ACSRX1/0_TPX-C
0.0	0.0	0.0	0.0	0.0	0.0
0.0	0.0	0.0	0.0	0.0	0.0
0.0	0.0	0.0	0.0	1.58334	0.798203
0.0	0.0	0.0
0.0	0.0	0.0
0.0	0.0	2.383658293170027
1PH-4_ACSRXX1/0_3W_CS-A
1.66186	0.844051	0.0	0.0	0.0	0.0
0.0	0.0	0.0	0.0	0.0	0.0
0.0	0.0	0.0	0.0	0.0	0.0
2.383658293170027	0.0	0.0
0.0	0.0	0.0
0.0	0.0	0.0
1PH-4_ACSRXX1/0_3W_CS-B
0.0	0.0	0.0	0.0	0.0	0.0
0.0	0.0	1.66186	0.844051	0.0	0.0
0.0	0.0	0.0	0.0	0.0	0.0
0.0	0.0	0.0
0.0	2.383658293170027	0.0
0.0	0.0	0.0
1PH-4_ACSRXX1/0_3W_CS-C
0.0	0.0	0.0	0.0	0.0	0.0
0.0	0.0	0.0	0.0	0.0	0.0
0.0	0.0	0.0	0.0	1.66186	0.844051
0.0	0.0	0.0
0.0	0.0	0.0
0.0	0.0	2.383658293170027
1PH-X2_ACSRX4_ACSR-A
1.12339	0.937794	0.0	0.0	0.0	0.0
0.0	0.0	0.0	0.0	0.0	0.0
0.0	0.0	0.0	0.0	0.0	0.0
2.448866446924998	0.0	0.0
0.0	0.0	0.0
0.0	0.0	0.0
1PH-X2_ACSRX4_ACSR-B
0.0	0.0	0.0	0.0	0.0	0.0
0.0	0.0	1.12339	0.937794	0.0	0.0
0.0	0.0	0.0	0.0	0.0	0.0
0.0	0.0	0.0
0.0	2.448866446924998	0.0
0.0	0.0	0.0
1PH-X2_ACSRX4_ACSR-C
0.0	0.0	0.0	0.0	0.0	0.0
0.0	0.0	0.0	0.0	0.0	0.0
0.0	0.0	0.0	0.0	1.12339	0.937794
0.0	0.0	0.0
0.0	0.0	0.0
0.0	0.0	2.448866446924998
1PH-X2_ACSRX1/0_3W_CS-A
1.11059	0.847285	0.0	0.0	0.0	0.0
0.0	0.0	0.0	0.0	0.0	0.0
0.0	0.0	0.0	0.0	0.0	0.0
2.448866446924998	0.0	0.0
0.0	0.0	0.0
0.0	0.0	0.0
1PH-X2_ACSRX1/0_3W_CS-B
0.0	0.0	0.0	0.0	0.0	0.0
0.0	0.0	1.11059	0.847285	0.0	0.0
0.0	0.0	0.0	0.0	0.0	0.0
0.0	0.0	0.0
0.0	2.448866446924998	0.0
0.0	0.0	0.0
1PH-X2_ACSRX1/0_3W_CS-C
0.0	0.0	0.0	0.0	0.0	0.0
0.0	0.0	0.0	0.0	0.0	0.0
0.0	0.0	0.0	0.0	1.11059	0.847285
0.0	0.0	0.0
0.0	0.0	0.0
0.0	0.0	2.448866446924998
3PH_H-2/0_ACSR2/0_ACSR2/0_ACSR2/0_ACSR-ABC
0.63257	0.812752	0.109951	0.33351	0.113538	0.308271
0.109951	0.33351	0.627184	0.825507	0.110747	0.350259
0.113538	0.308271	0.110747	0.350259	0.634249	0.808799
3.146066281528505	-0.8731152001968595	-0.7210181334659634
-0.8731152001968595	3.287735773923606	-1.0243414174441807
-0.7210181334659634	-1.0243414174441807	3.2333434953564137
1PH-2_ACSRXX1/0_TPX-A
1.03207	0.801436	0.0	0.0	0.0	0.0
0.0	0.0	0.0	0.0	0.0	0.0
0.0	0.0	0.0	0.0	0.0	0.0
2.448866446924998	0.0	0.0
0.0	0.0	0.0
0.0	0.0	0.0
1PH-2_ACSRXX1/0_TPX-B
0.0	0.0	0.0	0.0	0.0	0.0
0.0	0.0	1.03207	0.801436	0.0	0.0
0.0	0.0	0.0	0.0	0.0	0.0
0.0	0.0	0.0
0.0	2.448866446924998	0.0
0.0	0.0	0.0
1PH-2_ACSRXX1/0_TPX-C
0.0	0.0	0.0	0.0	0.0	0.0
0.0	0.0	0.0	0.0	0.0	0.0
0.0	0.0	0.0	0.0	1.03207	0.801436
0.0	0.0	0.0
0.0	0.0	0.0
0.0	0.0	2.448866446924998
3PH_H-4_WPAL4_WPAL4_WPAL1/0_TPX-ABC
1.54119	0.740322	0.0423582	0.286955	0.043017	0.259106
0.0423582	0.286955	1.54023	0.756994	0.0424921	0.303117
0.043017	0.259106	0.0424921	0.303117	1.5415	0.73514
2.865501951369953	-0.7530435289766576	-0.62880987580898
-0.7530435289766576	2.973747411204982	-0.8764628813285249
-0.62880987580898	-0.8764628813285249	2.93313038810525
1PH-X4_WPALX2_ACSR-A
1.63015	0.85755	0.0	0.0	0.0	0.0
0.0	0.0	0.0	0.0	0.0	0.0
0.0	0.0	0.0	0.0	0.0	0.0
2.383658293170027	0.0	0.0
0.0	0.0	0.0
0.0	0.0	0.0
1PH-X4_WPALX2_ACSR-B
0.0	0.0	0.0	0.0	0.0	0.0
0.0	0.0	1.63015	0.85755	0.0	0.0
0.0	0.0	0.0	0.0	0.0	0.0
0.0	0.0	0.0
0.0	2.383658293170027	0.0
0.0	0.0	0.0
1PH-X4_WPALX2_ACSR-C
0.0	0.0	0.0	0.0	0.0	0.0
0.0	0.0	0.0	0.0	0.0	0.0
0.0	0.0	0.0	0.0	1.63015	0.85755
0.0	0.0	0.0
0.0	0.0	0.0
0.0	0.0	2.383658293170027
3PH_H-2/0_ACSR2/0_ACSR2/0_ACSR2_WPAL-ABC
0.661672	0.874001	0.138291	0.392488	0.142872	0.370214
0.138291	0.392488	0.654779	0.882296	0.139313	0.409905
0.142872	0.370214	0.139313	0.409905	0.663816	0.871444
3.146066281528505	-0.8731152001968595	-0.7210181334659634
-0.8731152001968595	3.287735773923606	-1.0243414174441807
-0.7210181334659634	-1.0243414174441807	3.2333434953564137
1PH-XX4_ACSR2_ACSR-A
1.67357	0.893131	0.0	0.0	0.0	0.0
0.0	0.0	0.0	0.0	0.0	0.0
0.0	0.0	0.0	0.0	0.0	0.0
2.383658293170027	0.0	0.0
0.0	0.0	0.0
0.0	0.0	0.0
1PH-XX4_ACSR2_ACSR-B
0.0	0.0	0.0	0.0	0.0	0.0
0.0	0.0	1.67357	0.893131	0.0	0.0
0.0	0.0	0.0	0.0	0.0	0.0
0.0	0.0	0.0
0.0	2.383658293170027	0.0
0.0	0.0	0.0
1PH-XX4_ACSR2_ACSR-C
0.0	0.0	0.0	0.0	0.0	0.0
0.0	0.0	0.0	0.0	0.0	0.0
0.0	0.0	0.0	0.0	1.67357	0.893131
0.0	0.0	0.0
0.0	0.0	0.0
0.0	0.0	2.383658293170027
1PH-X4_ACSRX4_TPX-A
1.6773	0.932059	0.0	0.0	0.0	0.0
0.0	0.0	0.0	0.0	0.0	0.0
0.0	0.0	0.0	0.0	0.0	0.0
2.383658293170027	0.0	0.0
0.0	0.0	0.0
0.0	0.0	0.0
1PH-X4_ACSRX4_TPX-B
0.0	0.0	0.0	0.0	0.0	0.0
0.0	0.0	1.6773	0.932059	0.0	0.0
0.0	0.0	0.0	0.0	0.0	0.0
0.0	0.0	0.0
0.0	2.383658293170027	0.0
0.0	0.0	0.0
1PH-X4_ACSRX4_TPX-C
0.0	0.0	0.0	0.0	0.0	0.0
0.0	0.0	0.0	0.0	0.0	0.0
0.0	0.0	0.0	0.0	1.6773	0.932059
0.0	0.0	0.0
0.0	0.0	0.0
0.0	0.0	2.383658293170027
3PH_H-4_ACSR4_ACSR4_ACSR4_TPX-ABC
1.68634	0.92458	0.141153	0.429986	0.145647	0.409508
0.141153	0.429986	1.67957	0.930171	0.142157	0.447808
0.145647	0.409508	0.142157	0.447808	1.68844	0.922866
2.865501951369953	-0.7530435289766576	-0.62880987580898
-0.7530435289766576	2.973747411204982	-0.8764628813285249
-0.62880987580898	-0.8764628813285249	2.93313038810525
1PH-4_ACSRXX6_WPAL-A
1.66227	0.967202	0.0	0.0	0.0	0.0
0.0	0.0	0.0	0.0	0.0	0.0
0.0	0.0	0.0	0.0	0.0	0.0
2.383658293170027	0.0	0.0
0.0	0.0	0.0
0.0	0.0	0.0
1PH-4_ACSRXX6_WPAL-B
0.0	0.0	0.0	0.0	0.0	0.0
0.0	0.0	1.66227	0.967202	0.0	0.0
0.0	0.0	0.0	0.0	0.0	0.0
0.0	0.0	0.0
0.0	2.383658293170027	0.0
0.0	0.0	0.0
1PH-4_ACSRXX6_WPAL-C
0.0	0.0	0.0	0.0	0.0	0.0
0.0	0.0	0.0	0.0	0.0	0.0
0.0	0.0	0.0	0.0	1.66227	0.967202
0.0	0.0	0.0
0.0	0.0	0.0
0.0	0.0	2.383658293170027
1PH-XX4_ACSR4_TPX-A
1.6773	0.932059	0.0	0.0	0.0	0.0
0.0	0.0	0.0	0.0	0.0	0.0
0.0	0.0	0.0	0.0	0.0	0.0
2.383658293170027	0.0	0.0
0.0	0.0	0.0
0.0	0.0	0.0
1PH-XX4_ACSR4_TPX-B
0.0	0.0	0.0	0.0	0.0	0.0
0.0	0.0	1.6773	0.932059	0.0	0.0
0.0	0.0	0.0	0.0	0.0	0.0
0.0	0.0	0.0
0.0	2.383658293170027	0.0
0.0	0.0	0.0
1PH-XX4_ACSR4_TPX-C
0.0	0.0	0.0	0.0	0.0	0.0
0.0	0.0	0.0	0.0	0.0	0.0
0.0	0.0	0.0	0.0	1.6773	0.932059
0.0	0.0	0.0
0.0	0.0	0.0
0.0	0.0	2.383658293170027
3PH_H-397_ACSR397_ACSR397_ACSR2/0_WPAL-ABC
0.270019	0.695974	0.109951	0.33351	0.113538	0.308271
0.109951	0.33351	0.264634	0.708729	0.110747	0.350259
0.113538	0.308271	0.110747	0.350259	0.271698	0.692021
3.4442134774506683	-1.0057255960160691	-0.820506089619845
-1.0057255960160691	3.627506559231711	-1.190025244083322
-0.820506089619845	-1.190025244083322	3.5557689193055184
1PH-2/0_ACSRXX2_ACSR-A
0.651691	0.881426	0.0	0.0	0.0	0.0
0.0	0.0	0.0	0.0	0.0	0.0
0.0	0.0	0.0	0.0	0.0	0.0
2.55222233195398	0.0	0.0
0.0	0.0	0.0
0.0	0.0	0.0
1PH-2/0_ACSRXX2_ACSR-B
0.0	0.0	0.0	0.0	0.0	0.0
0.0	0.0	0.651691	0.881426	0.0	0.0
0.0	0.0	0.0	0.0	0.0	0.0
0.0	0.0	0.0
0.0	2.55222233195398	0.0
0.0	0.0	0.0
1PH-2/0_ACSRXX2_ACSR-C
0.0	0.0	0.0	0.0	0.0	0.0
0.0	0.0	0.0	0.0	0.0	0.0
0.0	0.0	0.0	0.0	0.651691	0.881426
0.0	0.0	0.0
0.0	0.0	0.0
0.0	0.0	2.55222233195398
3PH_H-2/0_ACSR2/0_ACSR2/0_ACSR4_ACSR-ABC
0.661525	0.915595	0.138324	0.432623	0.142669	0.412253
0.138324	0.432623	0.654981	0.921023	0.139294	0.450469
0.142669	0.412253	0.139294	0.450469	0.663555	0.913932
3.146066281528505	-0.8731152001968595	-0.7210181334659634
-0.8731152001968595	3.287735773923606	-1.0243414174441807
-0.7210181334659634	-1.0243414174441807	3.2333434953564137
1PH-XX4_WPAL1/0_TPX-A
1.53992	0.762621	0.0	0.0	0.0	0.0
0.0	0.0	0.0	0.0	0.0	0.0
0.0	0.0	0.0	0.0	0.0	0.0
2.383658293170027	0.0	0.0
0.0	0.0	0.0
0.0	0.0	0.0
1PH-XX4_WPAL1/0_TPX-B
0.0	0.0	0.0	0.0	0.0	0.0
0.0	0.0	1.53992	0.762621	0.0	0.0
0.0	0.0	0.0	0.0	0.0	0.0
0.0	0.0	0.0
0.0	2.383658293170027	0.0
0.0	0.0	0.0
1PH-XX4_WPAL1/0_TPX-C
0.0	0.0	0.0	0.0	0.0	0.0
0.0	0.0	0.0	0.0	0.0	0.0
0.0	0.0	0.0	0.0	1.53992	0.762621
0.0	0.0	0.0
0.0	0.0	0.0
0.0	0.0	2.383658293170027
1PH-XX6_WPAL6_WPAL-A
2.50305	0.974922	0.0	0.0	0.0	0.0
0.0	0.0	0.0	0.0	0.0	0.0
0.0	0.0	0.0	0.0	0.0	0.0
2.322114493086203	0.0	0.0
0.0	0.0	0.0
0.0	0.0	0.0
1PH-XX6_WPAL6_WPAL-B
0.0	0.0	0.0	0.0	0.0	0.0
0.0	0.0	2.50305	0.974922	0.0	0.0
0.0	0.0	0.0	0.0	0.0	0.0
0.0	0.0	0.0
0.0	2.322114493086203	0.0
0.0	0.0	0.0
1PH-XX6_WPAL6_WPAL-C
0.0	0.0	0.0	0.0	0.0	0.0
0.0	0.0	0.0	0.0	0.0	0.0
0.0	0.0	0.0	0.0	2.50305	0.974922
0.0	0.0	0.0
0.0	0.0	0.0
0.0	0.0	2.322114493086203
1PH-X2_ACSRX4_TPX-A
1.12603	0.935293	0.0	0.0	0.0	0.0
0.0	0.0	0.0	0.0	0.0	0.0
0.0	0.0	0.0	0.0	0.0	0.0
2.448866446924998	0.0	0.0
0.0	0.0	0.0
0.0	0.0	0.0
1PH-X2_ACSRX4_TPX-B
0.0	0.0	0.0	0.0	0.0	0.0
0.0	0.0	1.12603	0.935293	0.0	0.0
0.0	0.0	0.0	0.0	0.0	0.0
0.0	0.0	0.0
0.0	2.448866446924998	0.0
0.0	0.0	0.0
1PH-X2_ACSRX4_TPX-C
0.0	0.0	0.0	0.0	0.0	0.0
0.0	0.0	0.0	0.0	0.0	0.0
0.0	0.0	0.0	0.0	1.12603	0.935293
0.0	0.0	0.0
0.0	0.0	0.0
0.0	0.0	2.448866446924998
3PH_H-4_ACSR4_ACSR4_ACSR2_WPAL-ABC
1.68355	0.885706	0.138291	0.392488	0.142872	0.370214
0.138291	0.392488	1.67665	0.894001	0.139313	0.409905
0.142872	0.370214	0.139313	0.409905	1.68569	0.883149
2.865501951369953	-0.7530435289766576	-0.62880987580898
-0.7530435289766576	2.973747411204982	-0.8764628813285249
-0.62880987580898	-0.8764628813285249	2.93313038810525
1PH-X4_ACSRX1/0_3W_CS-A
1.66186	0.844051	0.0	0.0	0.0	0.0
0.0	0.0	0.0	0.0	0.0	0.0
0.0	0.0	0.0	0.0	0.0	0.0
2.383658293170027	0.0	0.0
0.0	0.0	0.0
0.0	0.0	0.0
1PH-X4_ACSRX1/0_3W_CS-B
0.0	0.0	0.0	0.0	0.0	0.0
0.0	0.0	1.66186	0.844051	0.0	0.0
0.0	0.0	0.0	0.0	0.0	0.0
0.0	0.0	0.0
0.0	2.383658293170027	0.0
0.0	0.0	0.0
1PH-X4_ACSRX1/0_3W_CS-C
0.0	0.0	0.0	0.0	0.0	0.0
0.0	0.0	0.0	0.0	0.0	0.0
0.0	0.0	0.0	0.0	1.66186	0.844051
0.0	0.0	0.0
0.0	0.0	0.0
0.0	0.0	2.383658293170027
1PH-XX2_ACSR4_DPX-A
1.12603	0.935293	0.0	0.0	0.0	0.0
0.0	0.0	0.0	0.0	0.0	0.0
0.0	0.0	0.0	0.0	0.0	0.0
2.448866446924998	0.0	0.0
0.0	0.0	0.0
0.0	0.0	0.0
1PH-XX2_ACSR4_DPX-B
0.0	0.0	0.0	0.0	0.0	0.0
0.0	0.0	1.12603	0.935293	0.0	0.0
0.0	0.0	0.0	0.0	0.0	0.0
0.0	0.0	0.0
0.0	2.448866446924998	0.0
0.0	0.0	0.0
1PH-XX2_ACSR4_DPX-C
0.0	0.0	0.0	0.0	0.0	0.0
0.0	0.0	0.0	0.0	0.0	0.0
0.0	0.0	0.0	0.0	1.12603	0.935293
0.0	0.0	0.0
0.0	0.0	0.0
0.0	0.0	2.448866446924998
